0  0  0  0  0  0  0  0  0  0  0  |
0  1  1  1  1  10 0  0  0  0  0  |
0  1  0  0  0  0  0  0  0  0  0  |
0  11 1  1  4  1  1  1  1  1  0  |
0  0  0  7  0  0  0  0  0  1  0  | 
0  0  0  0  0  0  0  0  0  2  0  | 
0  0  0  0  0  0  0  0  0  0  0  |
%
0  0  0  0  0  0  0  0  0  0  0  |
0  0  0  0  0  0  0  0  0  0  0  |
0  0  0  0  0  0  0  0  0  0  0  |
0  0  0  0  0  0  0  0  0  0  0  |
0  0  0  0  0  0  0  0  0  0  0  |
0  0  0  0  0  0  0  0  0  0  0  |
0  0  0  0  0  0  0  0  0  0  0  |
%
Sometimes@they@are@just@in@the@way |
they@try@to@help. |
It's@the@thought@that@counts,@right? |
%
