0  0  0  0  0  0  0  0  0  0  0  0  0 |
0  0  0  0  0  0  0  0  0  0  0  0  0 |
0  1  1  10 0  0  0  5  1  1  11 0  0 |
0  1  0  1  2  6  0  0  0  1  11 11 0 |
0  1  0  5  2  0  0  0  0  11 0  0  0 |
0  1  1  7  1  0  0  0  0  0  0  0  0 |
0  0  1  1  1  6  0  0  0  0  0  0  0 |
0  0  0  0  0  0  0  0  0  0  0  0  0 |
%
0  0  0  0  0  0  0  0  0  0  0  0  0 |
0  0  0  0  0  0  0  0  0  0  0  0  0 |
0  0  0  0  0  0  0  1  0  0  0  0  0 |
0  0  0  0  0  1  0  0  0  0  0  0  0 |
0  0  0  2  0  0  0  0  0  0  0  0  0 |
0  0  0  0  0  0  0  0  0  0  0  0  0 |
0  0  0  0  0  2  0  0  0  0  0  0  0 |
0  0  0  0  0  0  0  0  0  0  0  0  0 |
%
These@RBs@seem@to@be@stuck@in@some@sort@of@broom@closet...|
I@wonder@what@they@were@all@doing...@ |
maybe@it's@best@not@to@think@about@that. |
;) |
%