0  0  0  0  0  0  0 |
0  0  7  1  2  6  0 |
0  0  0  1  2  6  0 |
0  1  1  10 2  6  0 |
0  11 11 11 2  6  0 |
0  0  0  1  2  6  0 |
0  0  0  11 2  6  0 |
0  0  0  1  2  6  0 |
0  0  11 11 2  6  0 |
0  0  2  1  2  6  0 |
0  0  0  5  2  6  0 |
0  0  0  0  0  0  0 |
%
0  0  0  0  0  0  0 |
0  0  0  0  0  1  0 |
0  0  0  0  0  1  0 |
0  0  0  0  0  1  0 |
0  0  0  0  0  1  0 |
0  0  0  0  0  1  0 |
0  0  0  0  0  1  0 |
0  0  0  0  0  1  0 |
0  0  0  0  0  1  0 |
0  0  0  0  0  1  0 |
0  0  0  1  0  1  0 |
0  0  0  0  0  0  0 |
%
Well... |
this@certainly@gives@a@new@meaning@to@"fire@wall," |
but@fortunetly... |
there@is@also@a@water@wall. |
%