0  0  0  0  0  0  0  0  0  0  0 |
0  0  0  0  0  7  0  0  0  0  0 |
0  0  0  2  2  1  2  2  0  0  0 |
0  0  2  8  8  1  8  8  2  0  0 |
0  2  8  11 1  11 11 1  8  2  0 |
0  2  8  1  1  1  11 11 8  2  0 |
0  2  8  1  1  10 1  1  8  2  0 |
0  2  8  11 11 1  11 1  8  2  0 |
0  2  8  11 11 11 11 1  8  2  0 |
0  0  0  1  1  11 11 1  0  0  0 |
0  0  0  0  0  0  0  0  0  0  0 |
0  0  0  0  0  0  0  0  0  0  0 |
0  0  0  0  0  0  0  0  0  0  0 |
%
0  0  0  0  0  0  0  0  0  0  0 |
0  0  0  0  0  0  0  0  0  0  0 |
0  0  0  0  0  0  0  0  0  0  0 |
0  0  0  0  0  0  0  0  0  0  0 |
0  0  0  0  0  0  0  0  0  0  0 |
0  0  0  0  0  0  0  0  0  0  0 |
0  0  0  0  0  0  0  0  0  0  0 |
0  0  0  0  0  0  0  0  0  0  0 |
0  0  0  0  0  0  0  0  0  0  0 |
0  0  0  0  0  0  0  0  0  0  0 |
0  0  0  0  0  0  0  0  0  0  0 |
0  0  0  0  0  0  0  0  0  0  0 |
0  0  0  0  0  0  0  0  0  0  0 |
%
You'd@think@that@at@some@point |
I'd@run@out@of@deep@abstract@things@to@say |
But@that@will@only@happen@in@your@dreams. |
But@sometimes@the@things@in@your@mind@are@as@real@as@life. |
Don't@ever@let@that@go.|
%