0  0  0  0  0  0  0  0 |
0  7  11 11 0  2  2  0 |
0  0  11 1  0  2  0  0 |
0  0  1  1  0  2  2  0 |
0  0  1  1  0  0  1  0 |
0  0  1  4  0  1  1  0 |
0  0  11 1  0  1  0  0 |
0  0  1  10 1  1  0  0 |
0  0  0  0  0  0  0  0 |
%
0  0  0  0  0  0  0  0 |
0  0  10 10 0  0  0  0 |
0  0  10 10 0  0  0  0 |
0  0  10 10 0  0  0  0 |
0  0  10 10 0  0  0  0 |
0  0  10 10 0  0  0  0 |
0  0  10 10 0  0  0  0 |
0  0  10 10 0  0  0  0 |
0  0  0  0  0  0  0  0 |
%
If@this@level@was@a@horror@movie...|
It@would@be@called@"The@Fuse."|
I'm@sure@I'm@very@reassuring.|
%