0  0  0  0  0  0  0  0  0 |
0  2  2  2  2  2  2  2  0 |
0  2  1  1  1  1  1  2  0 |
0  2  1  7  5  6  1  2  0 |
0  2  1  4  1  1  1  2  0 |
0  2  6  1  5  10 1  2  0 |
0  2  1  1  1  1  1  2  0 |
0  2  2  2  2  2  2  2  0 |
0  0  0  0  0  0  0  0  0 |
%
0  0  0  0  0  0  0  0  0 |
0  0  0  0  0  0  0  0  0 |
0  0  0  0  0  0  0  0  0 |
0  0  0  0  2  1  0  0  0 |
0  0  0  0  0  0  0  0  0 |
0  0  2  0  1  0  0  0  0 |
0  0  0  0  0  0  0  0  0 |
0  0  0  0  0  0  0  0  0 |
0  0  0  0  0  0  0  0  0 |
%
I@fell@into@a@burining@ring@of@fire... |
I@fell@down@down@down@and@got@consumed@by@copyright@lawsuits!|
%