0  0  0  0  0  0  0 |
0  0  0  0  0  0  0 |
0  0  0  0  10 0  0 |
0  11 11 11 11 11 0 |
0  11 11 4  11 11 0 |
0  11 4  2  4  11 0 |
0  11 11 4  11 11 0 |
0  11 11 11 11 11 0 |
0  0  11 0  0  0  0 |
0  0  11 1  1  7  0 |
0  0  0  0  0  0  0 |
%
0  0  0  0  0  0  0 |
0  0  0  0  0  0  0 |
0  0  0  0  0  0  0 |
0  0  0  0  0  0  0 |
0  0  0  0  0  0  0 |
0  0  0  0  0  0  0 |
0  0  0  0  0  0  0 |
0  0  0  0  0  0  0 |
0  0  0  0  0  0  0 |
0  0  0  0  0  0  0 |
0  0  0  0  0  0  0 |
%
Its@so@warm, |
so@cozy, |
but@it@kills@you. |
So@is@life. |
%